,PassengerId,Survived
0,892.0,0
1,893.0,1
2,894.0,1
3,895.0,1
4,896.0,0
5,897.0,0
6,898.0,0
7,899.0,0
8,900.0,1
9,901.0,1
10,902.0,1
11,903.0,1
12,904.0,0
13,905.0,0
14,906.0,1
15,907.0,1
16,908.0,0
17,909.0,0
18,910.0,1
19,911.0,1
20,912.0,0
21,913.0,0
22,914.0,1
23,915.0,0
24,916.0,0
25,917.0,0
26,918.0,0
27,919.0,0
28,920.0,1
29,921.0,0
30,922.0,0
31,923.0,1
32,924.0,1
33,925.0,0
34,926.0,0
35,927.0,0
36,928.0,0
37,929.0,0
38,930.0,1
39,931.0,1
40,932.0,1
41,933.0,1
42,934.0,0
43,935.0,1
44,936.0,1
45,937.0,0
46,938.0,0
47,939.0,1
48,940.0,0
49,941.0,1
50,942.0,0
51,943.0,0
52,944.0,1
53,945.0,1
54,946.0,0
55,947.0,0
56,948.0,1
57,949.0,0
58,950.0,1
59,951.0,0
60,952.0,0
61,953.0,1
62,954.0,0
63,955.0,0
64,956.0,0
65,957.0,1
66,958.0,1
67,959.0,0
68,960.0,0
69,961.0,0
70,962.0,0
71,963.0,0
72,964.0,0
73,965.0,0
74,966.0,0
75,967.0,0
76,968.0,0
77,969.0,0
78,970.0,1
79,971.0,1
80,972.0,0
81,973.0,0
82,974.0,1
83,975.0,0
84,976.0,1
85,977.0,1
86,978.0,0
87,979.0,0
88,980.0,1
89,981.0,0
90,982.0,0
91,983.0,0
92,984.0,0
93,985.0,0
94,986.0,0
95,987.0,0
96,988.0,0
97,989.0,0
98,990.0,1
99,991.0,0
100,992.0,1
101,993.0,0
102,994.0,0
103,995.0,0
104,996.0,0
105,997.0,0
106,998.0,1
107,999.0,0
108,1000.0,0
109,1001.0,1
110,1002.0,0
111,1003.0,1
112,1004.0,0
113,1005.0,1
114,1006.0,1
115,1007.0,0
116,1008.0,0
117,1009.0,0
118,1010.0,0
119,1011.0,0
120,1012.0,0
121,1013.0,0
122,1014.0,0
123,1015.0,1
124,1016.0,0
125,1017.0,1
126,1018.0,0
127,1019.0,0
128,1020.0,1
129,1021.0,0
130,1022.0,0
131,1023.0,0
132,1024.0,1
133,1025.0,1
134,1026.0,0
135,1027.0,0
136,1028.0,1
137,1029.0,0
138,1030.0,0
139,1031.0,0
140,1032.0,1
141,1033.0,1
142,1034.0,1
143,1035.0,0
144,1036.0,0
145,1037.0,0
146,1038.0,0
147,1039.0,0
148,1040.0,0
149,1041.0,0
150,1042.0,0
151,1043.0,1
152,1044.0,0
153,1045.0,0
154,1046.0,0
155,1047.0,0
156,1048.0,1
157,1049.0,0
158,1050.0,0
159,1051.0,0
160,1052.0,0
161,1053.0,1
162,1054.0,0
163,1055.0,0
164,1056.0,0
165,1057.0,1
166,1058.0,1
167,1059.0,0
168,1060.0,0
169,1061.0,0
170,1062.0,0
171,1063.0,0
172,1064.0,1
173,1065.0,0
174,1066.0,0
175,1067.0,0
176,1068.0,0
177,1069.0,1
178,1070.0,0
179,1071.0,0
180,1072.0,0
181,1073.0,0
182,1074.0,0
183,1075.0,1
184,1076.0,1
185,1077.0,0
186,1078.0,1
187,1079.0,0
188,1080.0,0
189,1081.0,0
190,1082.0,1
191,1083.0,0
192,1084.0,1
193,1085.0,1
194,1086.0,1
195,1087.0,1
196,1088.0,0
197,1089.0,0
198,1090.0,1
199,1091.0,1
200,1092.0,0
201,1093.0,0
202,1094.0,0
203,1095.0,0
204,1096.0,0
205,1097.0,1
206,1098.0,0
207,1099.0,0
208,1100.0,1
209,1101.0,0
210,1102.0,0
211,1103.0,1
212,1104.0,0
213,1105.0,0
214,1106.0,0
215,1107.0,1
216,1108.0,1
217,1109.0,0
218,1110.0,1
219,1111.0,0
220,1112.0,0
221,1113.0,0
222,1114.0,0
223,1115.0,0
224,1116.0,0
225,1117.0,0
226,1118.0,0
227,1119.0,0
228,1120.0,0
229,1121.0,0
230,1122.0,1
231,1123.0,0
232,1124.0,0
233,1125.0,0
234,1126.0,0
235,1127.0,1
236,1128.0,0
237,1129.0,1
238,1130.0,0
239,1131.0,0
240,1132.0,1
241,1133.0,1
242,1134.0,0
243,1135.0,0
244,1136.0,0
245,1137.0,0
246,1138.0,1
247,1139.0,1
248,1140.0,0
249,1141.0,0
250,1142.0,0
251,1143.0,1
252,1144.0,0
253,1145.0,0
254,1146.0,1
255,1147.0,1
256,1148.0,1
257,1149.0,1
258,1150.0,1
259,1151.0,1
260,1152.0,0
261,1153.0,0
262,1154.0,0
263,1155.0,0
264,1156.0,1
265,1157.0,0
266,1158.0,0
267,1159.0,0
268,1160.0,1
269,1161.0,1
270,1162.0,0
271,1163.0,0
272,1164.0,1
273,1165.0,0
274,1166.0,1
275,1167.0,1
276,1168.0,1
277,1169.0,0
278,1170.0,0
279,1171.0,1
280,1172.0,0
281,1173.0,0
282,1174.0,0
283,1175.0,0
284,1176.0,0
285,1177.0,0
286,1178.0,0
287,1179.0,0
288,1180.0,0
289,1181.0,1
290,1182.0,1
291,1183.0,1
292,1184.0,0
293,1185.0,1
294,1186.0,0
295,1187.0,0
296,1188.0,0
297,1189.0,1
298,1190.0,0
299,1191.0,1
300,1192.0,1
301,1193.0,0
302,1194.0,0
303,1195.0,1
304,1196.0,0
305,1197.0,1
306,1198.0,1
307,1199.0,1
308,1200.0,0
309,1201.0,1
310,1202.0,1
311,1203.0,1
312,1204.0,1
313,1205.0,0
314,1206.0,0
315,1207.0,1
316,1208.0,1
317,1209.0,0
318,1210.0,1
319,1211.0,1
320,1212.0,0
321,1213.0,0
322,1214.0,1
323,1215.0,1
324,1216.0,0
325,1217.0,1
326,1218.0,0
327,1219.0,1
328,1220.0,1
329,1221.0,1
330,1222.0,1
331,1223.0,0
332,1224.0,0
333,1225.0,0
334,1226.0,1
335,1227.0,0
336,1228.0,0
337,1229.0,1
338,1230.0,0
339,1231.0,0
340,1232.0,1
341,1233.0,1
342,1234.0,0
343,1235.0,0
344,1236.0,0
345,1237.0,1
346,1238.0,1
347,1239.0,1
348,1240.0,1
349,1241.0,0
350,1242.0,0
351,1243.0,0
352,1244.0,0
353,1245.0,0
354,1246.0,0
355,1247.0,0
356,1248.0,1
357,1249.0,1
358,1250.0,1
359,1251.0,1
360,1252.0,0
361,1253.0,0
362,1254.0,1
363,1255.0,0
364,1256.0,0
365,1257.0,0
366,1258.0,1
367,1259.0,1
368,1260.0,1
369,1261.0,1
370,1262.0,0
371,1263.0,0
372,1264.0,0
373,1265.0,0
374,1266.0,0
375,1267.0,1
376,1268.0,1
377,1269.0,0
378,1270.0,0
379,1271.0,0
380,1272.0,1
381,1273.0,1
382,1274.0,0
383,1275.0,1
384,1276.0,0
385,1277.0,0
386,1278.0,0
387,1279.0,1
388,1280.0,0
389,1281.0,1
390,1282.0,0
391,1283.0,0
392,1284.0,0
393,1285.0,1
394,1286.0,1
395,1287.0,0
396,1288.0,1
397,1289.0,0
398,1290.0,0
399,1291.0,1
400,1292.0,0
401,1293.0,0
402,1294.0,1
403,1295.0,0
404,1296.0,1
405,1297.0,0
406,1298.0,0
407,1299.0,1
408,1300.0,0
409,1301.0,0
410,1302.0,0
411,1303.0,0
412,1304.0,1
413,1305.0,0
414,1306.0,0
415,1307.0,1
416,1308.0,1
417,1309.0,1
418,,0
419,,1
420,,0
421,,0
422,,0
423,,1
424,,0
425,,0
426,,1
427,,1
428,,0
429,,0
430,,0
431,,1
432,,1
433,,0
434,,0
435,,1
436,,0
437,,0
438,,0
439,,0
440,,1
441,,0
442,,0
443,,1
444,,0
445,,1
446,,1
447,,0
448,,1
449,,0
450,,0
451,,0
452,,0
453,,0
454,,0
455,,0
456,,0
457,,1
458,,1
459,,0
460,,0
461,,0
462,,0
463,,0
464,,0
465,,0
466,,0
467,,0
468,,0
469,,1
470,,0
471,,0
472,,1
473,,1
474,,1
475,,0
476,,0
477,,0
478,,0
479,,1
480,,0
481,,0
482,,0
483,,1
484,,0
485,,0
486,,1
487,,0
488,,0
489,,1
490,,0
491,,0
492,,0
493,,0
494,,0
495,,0
496,,1
497,,0
498,,1
499,,0
500,,0
501,,1
502,,1
503,,1
504,,1
505,,0
506,,1
507,,0
508,,0
509,,0
510,,0
511,,0
512,,0
513,,1
514,,0
515,,0
516,,1
517,,0
518,,1
519,,0
520,,1
521,,0
522,,0
523,,1
524,,0
525,,0
526,,1
527,,0
528,,0
529,,0
530,,1
531,,0
532,,0
533,,1
534,,1
535,,1
536,,0
537,,1
538,,0
539,,1
540,,1
541,,0
542,,0
543,,0
544,,0
545,,0
546,,1
547,,0
548,,0
549,,1
550,,0
551,,0
552,,0
553,,0
554,,1
555,,0
556,,1
557,,0
558,,1
559,,1
560,,0
561,,0
562,,0
563,,0
564,,1
565,,0
566,,0
567,,0
568,,0
569,,0
570,,0
571,,1
572,,0
573,,1
574,,0
575,,0
576,,1
577,,1
578,,1
579,,0
580,,1
581,,1
582,,0
583,,0
584,,0
585,,1
586,,0
587,,0
588,,0
589,,0
590,,0
591,,1
592,,0
593,,1
594,,0
595,,0
596,,1
597,,0
598,,0
599,,0
600,,1
601,,0
602,,0
603,,0
604,,0
605,,0
606,,0
607,,0
608,,1
609,,1
610,,0
611,,0
612,,1
613,,0
614,,0
615,,1
616,,0
617,,1
618,,1
619,,0
620,,0
621,,0
622,,0
623,,0
624,,0
625,,0
626,,0
627,,1
628,,0
629,,0
630,,0
631,,0
632,,0
633,,0
634,,0
635,,1
636,,0
637,,0
638,,0
639,,0
640,,0
641,,1
642,,0
643,,0
644,,1
645,,0
646,,0
647,,0
648,,0
649,,1
650,,0
651,,1
652,,0
653,,1
654,,1
655,,0
656,,0
657,,1
658,,0
659,,0
660,,0
661,,0
662,,0
663,,0
664,,0
665,,0
666,,0
667,,0
668,,0
669,,1
670,,1
671,,0
672,,0
673,,0
674,,0
675,,0
676,,0
677,,1
678,,0
679,,0
680,,1
681,,0
682,,0
683,,0
684,,0
685,,0
686,,0
687,,0
688,,0
689,,1
690,,0
691,,1
692,,0
693,,0
694,,0
695,,0
696,,0
697,,1
698,,0
699,,0
700,,1
701,,0
702,,1
703,,0
704,,0
705,,0
706,,1
707,,0
708,,1
709,,1
710,,1
711,,0
712,,0
713,,0
714,,0
715,,0
716,,1
717,,1
718,,0
719,,0
720,,1
721,,0
722,,0
723,,0
724,,0
725,,0
726,,1
727,,1
728,,0
729,,1
730,,1
731,,0
732,,0
733,,0
734,,0
735,,0
736,,0
737,,0
738,,0
739,,0
740,,0
741,,0
742,,1
743,,0
744,,0
745,,0
746,,0
747,,1
748,,0
749,,0
750,,1
751,,1
752,,0
753,,0
754,,1
755,,1
756,,0
757,,0
758,,0
759,,1
760,,0
761,,0
762,,0
763,,1
764,,0
765,,1
766,,0
767,,1
768,,0
769,,0
770,,0
771,,0
772,,1
773,,0
774,,0
775,,0
776,,0
777,,1
778,,0
779,,1
780,,1
781,,1
782,,0
783,,0
784,,0
785,,0
786,,1
787,,0
788,,1
789,,0
790,,0
791,,0
792,,0
793,,0
794,,0
795,,0
796,,0
797,,1
798,,0
799,,1
800,,0
801,,1
802,,1
803,,1
804,,0
805,,0
806,,0
807,,1
808,,0
809,,1
810,,0
811,,0
812,,0
813,,0
814,,0
815,,0
816,,1
817,,0
818,,0
819,,0
820,,1
821,,0
822,,0
823,,1
824,,0
825,,0
826,,0
827,,1
828,,0
829,,1
830,,1
831,,1
832,,0
833,,0
834,,0
835,,1
836,,0
837,,0
838,,0
839,,0
840,,0
841,,0
842,,1
843,,0
844,,0
845,,0
846,,0
847,,0
848,,0
849,,1
850,,0
851,,0
852,,1
853,,1
854,,1
855,,1
856,,1
857,,0
858,,1
859,,0
860,,0
861,,0
862,,1
863,,0
864,,0
865,,1
866,,1
867,,0
868,,0
869,,1
870,,0
871,,1
872,,0
873,,0
874,,1
875,,1
876,,0
877,,0
878,,0
879,,1
880,,1
881,,0
882,,1
883,,0
884,,0
885,,0
886,,0
887,,1
888,,1
889,,0
890,,0
